metallica:1|slayer:1|exodus:0.708333 overkill:-0.320755 
bow:1|slayer:1|exodus:0.708333 overkill:-0.320755 
metallica:1|bow:1|testament:0.708333 galneryus:-0.320755 
overkill:1.0 testament:0.34
fastkill:0.34 | testament:0.456

